0.0199005 0.00287922
0.039801 0.00581111
0.0597015 0.00879148
0.079602 0.0118161
0.0995025 0.0148805
0.119403 0.0179802
0.139303 0.0211109
0.159204 0.0242677
0.179104 0.0274462
0.199005 0.0306416
0.218905 0.0338493
0.238806 0.0370644
0.258706 0.0402822
0.278607 0.0434981
0.298507 0.0467072
0.318408 0.0499049
0.338308 0.0530864
0.358209 0.0562472
0.378109 0.0593827
0.39801 0.0624883
0.41791 0.0655595
0.437811 0.0685921
0.457711 0.0715817
0.477612 0.0745241
0.497512 0.0774153
0.517413 0.0802513
0.537313 0.0830282
0.557214 0.0857425
0.577114 0.0883904
0.597015 0.0909686
0.616915 0.0934738
0.636816 0.0959028
0.656716 0.0982528
0.676617 0.100521
0.696517 0.102705
0.716418 0.104801
0.736318 0.106809
0.756219 0.108725
0.776119 0.110548
0.79602 0.112277
0.81592 0.113908
0.835821 0.115443
0.855721 0.116878
0.875622 0.118213
0.895522 0.119448
0.915423 0.120582
0.935323 0.121614
0.955224 0.122544
0.975124 0.123372
0.995025 0.124099
1.01493 0.124724
1.03483 0.125249
1.05473 0.125673
1.07463 0.125998
1.09453 0.126224
1.11443 0.126353
1.13433 0.126386
1.15423 0.126324
1.17413 0.12617
1.19403 0.125924
1.21393 0.125589
1.23383 0.125166
1.25373 0.124657
1.27363 0.124066
1.29353 0.123393
1.31343 0.122641
1.33333 0.121813
1.35323 0.120912
1.37313 0.119939
1.39303 0.118897
1.41294 0.11779
1.43284 0.116619
1.45274 0.115388
1.47264 0.1141
1.49254 0.112756
1.51244 0.111361
1.53234 0.109917
1.55224 0.108428
1.57214 0.106895
1.59204 0.105321
1.61194 0.103711
1.63184 0.102066
1.65174 0.100389
1.67164 0.0986835
1.69154 0.096952
1.71144 0.0951973
1.73134 0.0934221
1.75124 0.091629
1.77114 0.0898207
1.79104 0.0879997
1.81095 0.0861686
1.83085 0.0843297
1.85075 0.0824855
1.87065 0.0806383
1.89055 0.0787903
1.91045 0.0769437
1.93035 0.0751007
1.95025 0.0732631
1.97015 0.0714331
1.99005 0.0696125
2.00995 0.067803
2.02985 0.0660064
2.04975 0.0642244
2.06965 0.0624583
2.08955 0.0607098
2.10945 0.0589803
2.12935 0.0572709
2.14925 0.0555831
2.16915 0.0539178
2.18905 0.0522762
2.20896 0.0506592
2.22886 0.0490678
2.24876 0.0475028
2.26866 0.045965
2.28856 0.044455
2.30846 0.0429735
2.32836 0.041521
2.34826 0.040098
2.36816 0.0387048
2.38806 0.0373419
2.40796 0.0360095
2.42786 0.0347079
2.44776 0.0334372
2.46766 0.0321975
2.48756 0.0309888
2.50746 0.0298112
2.52736 0.0286647
2.54726 0.0275491
2.56716 0.0264643
2.58706 0.0254102
2.60697 0.0243864
2.62687 0.0233928
2.64677 0.022429
2.66667 0.0214948
2.68657 0.0205898
2.70647 0.0197136
2.72637 0.0188657
2.74627 0.0180459
2.76617 0.0172535
2.78607 0.0164881
2.80597 0.0157493
2.82587 0.0150365
2.84577 0.0143492
2.86567 0.0136869
2.88557 0.013049
2.90547 0.0124349
2.92537 0.0118441
2.94527 0.011276
2.96517 0.0107301
2.98507 0.0102057
3.00498 0.00970224
3.02488 0.00921919
3.04478 0.00875595
3.06468 0.00831191
3.08458 0.00788652
3.10448 0.00747917
3.12438 0.00708931
3.14428 0.00671636
3.16418 0.00635976
3.18408 0.00601896
3.20398 0.00569339
3.22388 0.00538253
3.24378 0.00508583
3.26368 0.00480278
3.28358 0.00453285
3.30348 0.00427553
3.32338 0.00403034
3.34328 0.00379678
3.36318 0.00357437
3.38308 0.00336265
3.40298 0.00316117
3.42289 0.00296947
3.44279 0.00278712
3.46269 0.00261369
3.48259 0.00244877
3.50249 0.00229196
3.52239 0.00214286
3.54229 0.00200109
3.56219 0.00186626
3.58209 0.00173803
3.60199 0.00161603
3.62189 0.00149991
3.64179 0.00138933
3.66169 0.00128397
3.68159 0.00118351
3.70149 0.00108762
3.72139 0.000996004
3.74129 0.000908355
3.76119 0.000824378
3.78109 0.000743781
3.80099 0.000666279
3.8209 0.000591587
3.8408 0.000519426
3.8607 0.000449519
3.8806 0.000381589
3.9005 0.00031536
3.9204 0.000250557
3.9403 0.000186901
3.9602 0.000124113
3.9801 6.19091e-05
