0.0199005 8.28989e-06
0.039801 3.37689e-05
0.0597015 7.72901e-05
0.079602 0.000139619
0.0995025 0.000221428
0.119403 0.000323289
0.139303 0.000445668
0.159204 0.000588923
0.179104 0.000753295
0.199005 0.00093891
0.218905 0.00114577
0.238806 0.00137377
0.258706 0.00162266
0.278607 0.00189208
0.298507 0.00218156
0.318408 0.0024905
0.338308 0.00281817
0.358209 0.00316375
0.378109 0.0035263
0.39801 0.00390478
0.41791 0.00429805
0.437811 0.00470487
0.457711 0.00512394
0.477612 0.00555384
0.497512 0.00599313
0.517413 0.00644027
0.537313 0.00689369
0.557214 0.00735177
0.577114 0.00781286
0.597015 0.00827528
0.616915 0.00873735
0.636816 0.00919736
0.656716 0.00965362
0.676617 0.0101045
0.696517 0.0105482
0.716418 0.0109833
0.736318 0.0114081
0.756219 0.0118212
0.776119 0.0122209
0.79602 0.012606
0.81592 0.0129751
0.835821 0.013327
0.855721 0.0136604
0.875622 0.0139744
0.895522 0.0142678
0.915423 0.0145399
0.935323 0.0147899
0.955224 0.015017
0.975124 0.0152207
0.995025 0.0154005
1.01493 0.0155561
1.03483 0.0156872
1.05473 0.0157936
1.07463 0.0158754
1.09453 0.0159325
1.11443 0.0159651
1.13433 0.0159734
1.15423 0.0159579
1.17413 0.0159189
1.19403 0.0158569
1.21393 0.0157725
1.23383 0.0156665
1.25373 0.0155395
1.27363 0.0153923
1.29353 0.0152258
1.31343 0.0150409
1.33333 0.0148385
1.35323 0.0146196
1.37313 0.0143853
1.39303 0.0141365
1.41294 0.0138744
1.43284 0.0136
1.45274 0.0133144
1.47264 0.0130187
1.49254 0.012714
1.51244 0.0124014
1.53234 0.0120819
1.55224 0.0117565
1.57214 0.0114264
1.59204 0.0110926
1.61194 0.0107559
1.63184 0.0104174
1.65174 0.0100779
1.67164 0.00973843
1.69154 0.0093997
1.71144 0.00906253
1.73134 0.00872769
1.75124 0.00839588
1.77114 0.00806776
1.79104 0.00774395
1.81095 0.00742502
1.83085 0.0071115
1.85075 0.00680385
1.87065 0.00650253
1.89055 0.00620791
1.91045 0.00592033
1.93035 0.00564011
1.95025 0.00536749
1.97015 0.00510269
1.99005 0.0048459
2.00995 0.00459725
2.02985 0.00435685
2.04975 0.00412477
2.06965 0.00390104
2.08955 0.00368569
2.10945 0.00347867
2.12935 0.00327996
2.14925 0.00308948
2.16915 0.00290713
2.18905 0.0027328
2.20896 0.00256636
2.22886 0.00240765
2.24876 0.00225652
2.26866 0.00211278
2.28856 0.00197625
2.30846 0.00184672
2.32836 0.00172399
2.34826 0.00160785
2.36816 0.00149806
2.38806 0.00139442
2.40796 0.00129669
2.42786 0.00120464
2.44776 0.00111804
2.46766 0.00103668
2.48756 0.000960307
2.50746 0.000888711
2.52736 0.000821666
2.54726 0.000758954
2.56716 0.00070036
2.58706 0.000645676
2.60697 0.000594696
2.62687 0.000547222
2.64677 0.000503061
2.66667 0.000462027
2.68657 0.00042394
2.70647 0.000388625
2.72637 0.000355916
2.74627 0.000325653
2.76617 0.000297683
2.78607 0.000271859
2.80597 0.000248041
2.82587 0.000226097
2.84577 0.000205901
2.86567 0.000187331
2.88557 0.000170276
2.90547 0.000154627
2.92537 0.000140283
2.94527 0.000127149
2.96517 0.000115134
2.98507 0.000104156
3.00498 9.41335e-05
3.02488 8.49935e-05
3.04478 7.66666e-05
3.06468 6.90879e-05
3.08458 6.21971e-05
3.10448 5.5938e-05
3.12438 5.02583e-05
3.14428 4.51095e-05
3.16418 4.04466e-05
3.18408 3.62278e-05
3.20398 3.24147e-05
3.22388 2.89716e-05
3.24378 2.58657e-05
3.26368 2.30667e-05
3.28358 2.05467e-05
3.30348 1.82802e-05
3.32338 1.62436e-05
3.34328 1.44155e-05
3.36318 1.27761e-05
3.38308 1.13074e-05
3.40298 9.99298e-06
3.42289 8.81774e-06
3.44279 7.76802e-06
3.46269 6.83137e-06
3.48259 5.99649e-06
3.50249 5.25309e-06
3.52239 4.59185e-06
3.54229 4.00435e-06
3.56219 3.48294e-06
3.58209 3.02075e-06
3.60199 2.61154e-06
3.62189 2.24972e-06
3.64179 1.93024e-06
3.66169 1.64859e-06
3.68159 1.40069e-06
3.70149 1.18292e-06
3.72139 9.92024e-07
3.74129 8.25109e-07
3.76119 6.79599e-07
3.78109 5.53211e-07
3.80099 4.43927e-07
3.8209 3.49975e-07
3.8408 2.69804e-07
3.8607 2.02067e-07
3.8806 1.4561e-07
3.9005 9.94521e-08
3.9204 6.27788e-08
3.9403 3.49321e-08
3.9602 1.54041e-08
3.9801 3.83274e-09
