0.000999001 0.00894117
0.001998 0.0177835
0.002997 0.0265281
0.003996 0.0351758
0.004995 0.0437275
0.00599401 0.0521844
0.00699301 0.0605473
0.00799201 0.0688171
0.00899101 0.0769947
0.00999001 0.0850812
0.010989 0.0930773
0.011988 0.100984
0.012987 0.108802
0.013986 0.116533
0.014985 0.124177
0.015984 0.131734
0.016983 0.139207
0.017982 0.146596
0.018981 0.153901
0.01998 0.161124
0.020979 0.168265
0.021978 0.175325
0.022977 0.182305
0.023976 0.189205
0.024975 0.196027
0.025974 0.202772
0.026973 0.209439
0.027972 0.21603
0.028971 0.222546
0.02997 0.228987
0.030969 0.235354
0.031968 0.241648
0.032967 0.247869
0.033966 0.254019
0.034965 0.260097
0.035964 0.266106
0.036963 0.272044
0.037962 0.277914
0.038961 0.283715
0.03996 0.289449
0.040959 0.295115
0.041958 0.300716
0.042957 0.306251
0.043956 0.311721
0.044955 0.317126
0.045954 0.322468
0.046953 0.327747
0.047952 0.332963
0.048951 0.338118
0.04995 0.343212
0.050949 0.348245
0.0519481 0.353218
0.0529471 0.358131
0.0539461 0.362986
0.0549451 0.367783
0.0559441 0.372522
0.0569431 0.377204
0.0579421 0.38183
0.0589411 0.3864
0.0599401 0.390914
0.0609391 0.395373
0.0619381 0.399779
0.0629371 0.40413
0.0639361 0.408429
0.0649351 0.412674
0.0659341 0.416868
0.0669331 0.42101
0.0679321 0.425101
0.0689311 0.429141
0.0699301 0.433131
0.0709291 0.437072
0.0719281 0.440963
0.0729271 0.444806
0.0739261 0.448601
0.0749251 0.452348
0.0759241 0.456048
0.0769231 0.459701
0.0779221 0.463308
0.0789211 0.466869
0.0799201 0.470385
0.0809191 0.473856
0.0819181 0.477282
0.0829171 0.480665
0.0839161 0.484004
0.0849151 0.487299
0.0859141 0.490552
0.0869131 0.493763
0.0879121 0.496932
0.0889111 0.50006
0.0899101 0.503147
0.0909091 0.506193
0.0919081 0.509198
0.0929071 0.512164
0.0939061 0.515091
0.0949051 0.517978
0.0959041 0.520827
0.0969031 0.523638
0.0979021 0.52641
0.0989011 0.529146
0.0999001 0.531844
0.100899 0.534505
0.101898 0.53713
0.102897 0.539719
0.103896 0.542272
0.104895 0.54479
0.105894 0.547273
0.106893 0.549722
0.107892 0.552136
0.108891 0.554516
0.10989 0.556863
0.110889 0.559176
0.111888 0.561457
0.112887 0.563704
0.113886 0.56592
0.114885 0.568104
0.115884 0.570256
0.116883 0.572376
0.117882 0.574466
0.118881 0.576525
0.11988 0.578553
0.120879 0.580552
0.121878 0.58252
0.122877 0.58446
0.123876 0.586369
0.124875 0.58825
0.125874 0.590103
0.126873 0.591927
0.127872 0.593723
0.128871 0.595491
0.12987 0.597232
0.130869 0.598945
0.131868 0.600632
0.132867 0.602292
0.133866 0.603925
0.134865 0.605533
0.135864 0.607114
0.136863 0.60867
0.137862 0.6102
0.138861 0.611705
0.13986 0.613186
0.140859 0.614641
0.141858 0.616073
0.142857 0.61748
0.143856 0.618863
0.144855 0.620222
0.145854 0.621558
0.146853 0.622871
0.147852 0.624161
0.148851 0.625428
0.14985 0.626673
0.150849 0.627895
0.151848 0.629095
0.152847 0.630273
0.153846 0.63143
0.154845 0.632565
0.155844 0.633679
0.156843 0.634772
0.157842 0.635844
0.158841 0.636896
0.15984 0.637927
0.160839 0.638938
0.161838 0.639929
0.162837 0.640901
0.163836 0.641853
0.164835 0.642785
0.165834 0.643698
0.166833 0.644592
0.167832 0.645467
0.168831 0.646324
0.16983 0.647162
0.170829 0.647982
0.171828 0.648784
0.172827 0.649568
0.173826 0.650335
0.174825 0.651083
0.175824 0.651815
0.176823 0.652529
0.177822 0.653226
0.178821 0.653906
0.17982 0.65457
0.180819 0.655217
0.181818 0.655847
0.182817 0.656462
0.183816 0.65706
0.184815 0.657642
0.185814 0.658209
0.186813 0.65876
0.187812 0.659296
0.188811 0.659817
0.18981 0.660322
0.190809 0.660813
0.191808 0.661289
0.192807 0.66175
0.193806 0.662196
0.194805 0.662629
0.195804 0.663047
0.196803 0.66345
0.197802 0.66384
0.198801 0.664216
0.1998 0.664579
0.200799 0.664928
0.201798 0.665263
0.202797 0.665586
0.203796 0.665895
0.204795 0.666191
0.205794 0.666474
0.206793 0.666745
0.207792 0.667003
0.208791 0.667248
0.20979 0.667481
0.210789 0.667702
0.211788 0.667911
0.212787 0.668107
0.213786 0.668292
0.214785 0.668465
0.215784 0.668626
0.216783 0.668776
0.217782 0.668915
0.218781 0.669042
0.21978 0.669158
0.220779 0.669263
0.221778 0.669356
0.222777 0.669439
0.223776 0.669512
0.224775 0.669573
0.225774 0.669624
0.226773 0.669665
0.227772 0.669695
0.228771 0.669715
0.22977 0.669725
0.230769 0.669725
0.231768 0.669715
0.232767 0.669695
0.233766 0.669665
0.234765 0.669626
0.235764 0.669577
0.236763 0.669519
0.237762 0.669452
0.238761 0.669375
0.23976 0.669289
0.240759 0.669194
0.241758 0.66909
0.242757 0.668977
0.243756 0.668855
0.244755 0.668724
0.245754 0.668585
0.246753 0.668438
0.247752 0.668281
0.248751 0.668117
0.24975 0.667944
0.250749 0.667763
0.251748 0.667574
0.252747 0.667377
0.253746 0.667172
0.254745 0.666959
0.255744 0.666738
0.256743 0.666509
0.257742 0.666273
0.258741 0.666029
0.25974 0.665778
0.260739 0.665519
0.261738 0.665253
0.262737 0.66498
0.263736 0.664699
0.264735 0.664411
0.265734 0.664117
0.266733 0.663815
0.267732 0.663506
0.268731 0.66319
0.26973 0.662868
0.270729 0.662539
0.271728 0.662203
0.272727 0.661861
0.273726 0.661512
0.274725 0.661157
0.275724 0.660795
0.276723 0.660427
0.277722 0.660053
0.278721 0.659672
0.27972 0.659285
0.280719 0.658893
0.281718 0.658494
0.282717 0.658089
0.283716 0.657679
0.284715 0.657262
0.285714 0.65684
0.286713 0.656412
0.287712 0.655978
0.288711 0.655539
0.28971 0.655094
0.290709 0.654643
0.291708 0.654188
0.292707 0.653726
0.293706 0.65326
0.294705 0.652788
0.295704 0.652311
0.296703 0.651829
0.297702 0.651341
0.298701 0.650849
0.2997 0.650351
0.300699 0.649849
0.301698 0.649341
0.302697 0.648829
0.303696 0.648312
0.304695 0.64779
0.305694 0.647263
0.306693 0.646732
0.307692 0.646196
0.308691 0.645655
0.30969 0.64511
0.310689 0.64456
0.311688 0.644006
0.312687 0.643447
0.313686 0.642884
0.314685 0.642317
0.315684 0.641746
0.316683 0.64117
0.317682 0.64059
0.318681 0.640006
0.31968 0.639417
0.320679 0.638825
0.321678 0.638228
0.322677 0.637628
0.323676 0.637024
0.324675 0.636416
0.325674 0.635803
0.326673 0.635188
0.327672 0.634568
0.328671 0.633944
0.32967 0.633317
0.330669 0.632686
0.331668 0.632051
0.332667 0.631413
0.333666 0.630771
0.334665 0.630126
0.335664 0.629477
0.336663 0.628825
0.337662 0.628169
0.338661 0.62751
0.33966 0.626847
0.340659 0.626181
0.341658 0.625512
0.342657 0.624839
0.343656 0.624164
0.344655 0.623485
0.345654 0.622802
0.346653 0.622117
0.347652 0.621429
0.348651 0.620737
0.34965 0.620043
0.350649 0.619345
0.351648 0.618644
0.352647 0.617941
0.353646 0.617234
0.354645 0.616525
0.355644 0.615813
0.356643 0.615097
0.357642 0.61438
0.358641 0.613659
0.35964 0.612935
0.360639 0.612209
0.361638 0.61148
0.362637 0.610748
0.363636 0.610014
0.364635 0.609277
0.365634 0.608538
0.366633 0.607795
0.367632 0.607051
0.368631 0.606304
0.36963 0.605554
0.370629 0.604802
0.371628 0.604047
0.372627 0.60329
0.373626 0.602531
0.374625 0.601769
0.375624 0.601004
0.376623 0.600238
0.377622 0.599469
0.378621 0.598698
0.37962 0.597925
0.380619 0.597149
0.381618 0.596371
0.382617 0.595591
0.383616 0.594809
0.384615 0.594024
0.385614 0.593238
0.386613 0.592449
0.387612 0.591658
0.388611 0.590866
0.38961 0.590071
0.390609 0.589274
0.391608 0.588475
0.392607 0.587674
0.393606 0.586871
0.394605 0.586067
0.395604 0.58526
0.396603 0.584451
0.397602 0.583641
0.398601 0.582828
0.3996 0.582014
0.400599 0.581198
0.401598 0.58038
0.402597 0.579561
0.403596 0.578739
0.404595 0.577916
0.405594 0.577091
0.406593 0.576264
0.407592 0.575436
0.408591 0.574605
0.40959 0.573774
0.410589 0.57294
0.411588 0.572105
0.412587 0.571268
0.413586 0.57043
0.414585 0.56959
0.415584 0.568748
0.416583 0.567905
0.417582 0.56706
0.418581 0.566214
0.41958 0.565366
0.420579 0.564517
0.421578 0.563666
0.422577 0.562814
0.423576 0.56196
0.424575 0.561105
0.425574 0.560249
0.426573 0.559391
0.427572 0.558531
0.428571 0.557671
0.42957 0.556808
0.430569 0.555945
0.431568 0.55508
0.432567 0.554214
0.433566 0.553346
0.434565 0.552478
0.435564 0.551607
0.436563 0.550736
0.437562 0.549863
0.438561 0.54899
0.43956 0.548114
0.440559 0.547238
0.441558 0.54636
0.442557 0.545482
0.443556 0.544602
0.444555 0.54372
0.445554 0.542838
0.446553 0.541955
0.447552 0.54107
0.448551 0.540184
0.44955 0.539297
0.450549 0.538409
0.451548 0.53752
0.452547 0.53663
0.453546 0.535739
0.454545 0.534846
0.455544 0.533953
0.456543 0.533058
0.457542 0.532163
0.458541 0.531266
0.45954 0.530369
0.460539 0.52947
0.461538 0.52857
0.462537 0.52767
0.463536 0.526768
0.464535 0.525866
0.465534 0.524962
0.466533 0.524058
0.467532 0.523152
0.468531 0.522246
0.46953 0.521339
0.470529 0.520431
0.471528 0.519522
0.472527 0.518612
0.473526 0.517701
0.474525 0.51679
0.475524 0.515877
0.476523 0.514964
0.477522 0.514049
0.478521 0.513134
0.47952 0.512218
0.480519 0.511302
0.481518 0.510384
0.482517 0.509466
0.483516 0.508547
0.484515 0.507627
0.485514 0.506706
0.486513 0.505784
0.487512 0.504862
0.488511 0.503939
0.48951 0.503015
0.490509 0.502091
0.491508 0.501165
0.492507 0.500239
0.493506 0.499313
0.494505 0.498385
0.495504 0.497457
0.496503 0.496528
0.497502 0.495598
0.498501 0.494668
0.4995 0.493737
0.500499 0.492806
0.501498 0.491873
0.502497 0.49094
0.503496 0.490007
0.504496 0.489072
0.505494 0.488138
0.506494 0.487202
0.507492 0.486266
0.508492 0.485329
0.50949 0.484392
0.51049 0.483454
0.511488 0.482515
0.512487 0.481576
0.513487 0.480636
0.514485 0.479696
0.515485 0.478755
0.516483 0.477813
0.517483 0.476871
0.518481 0.475928
0.519481 0.474985
0.52048 0.474041
0.521479 0.473097
0.522478 0.472152
0.523476 0.471206
0.524476 0.47026
0.525474 0.469314
0.526474 0.468367
0.527472 0.467419
0.528472 0.466471
0.529471 0.465523
0.53047 0.464574
0.531469 0.463624
0.532468 0.462674
0.533467 0.461724
0.534465 0.460773
0.535465 0.459821
0.536463 0.458869
0.537463 0.457917
0.538462 0.456964
0.539461 0.45601
0.54046 0.455057
0.541459 0.454102
0.542458 0.453148
0.543457 0.452193
0.544456 0.451237
0.545455 0.450281
0.546454 0.449325
0.547453 0.448368
0.548452 0.44741
0.549451 0.446453
0.55045 0.445495
0.551449 0.444536
0.552448 0.443577
0.553447 0.442618
0.554446 0.441658
0.555445 0.440698
0.556444 0.439738
0.557443 0.438777
0.558442 0.437816
0.559441 0.436854
0.56044 0.435892
0.561439 0.43493
0.562438 0.433967
0.563437 0.433004
0.564436 0.43204
0.565435 0.431077
0.566434 0.430112
0.567433 0.429148
0.568432 0.428183
0.569431 0.427218
0.57043 0.426252
0.571429 0.425287
0.572428 0.42432
0.573427 0.423354
0.574426 0.422387
0.575425 0.42142
0.576424 0.420453
0.577423 0.419485
0.578422 0.418517
0.579421 0.417548
0.58042 0.41658
0.581419 0.415611
0.582418 0.414641
0.583417 0.413672
0.584416 0.412702
0.585415 0.411732
0.586414 0.410761
0.587413 0.409791
0.588412 0.40882
0.589411 0.407848
0.59041 0.406877
0.591409 0.405905
0.592408 0.404933
0.593407 0.403961
0.594406 0.402988
0.595405 0.402015
0.596404 0.401042
0.597403 0.400069
0.598402 0.399095
0.599401 0.398121
0.6004 0.397147
0.601399 0.396173
0.602398 0.395198
0.603397 0.394223
0.604396 0.393248
0.605395 0.392273
0.606394 0.391297
0.607393 0.390321
0.608392 0.389345
0.609391 0.388369
0.61039 0.387392
0.611389 0.386416
0.612388 0.385439
0.613387 0.384462
0.614386 0.383484
0.615385 0.382507
0.616384 0.381529
0.617383 0.380551
0.618382 0.379572
0.619381 0.378594
0.62038 0.377615
0.621379 0.376637
0.622378 0.375658
0.623377 0.374678
0.624376 0.373699
0.625375 0.372719
0.626374 0.371739
0.627373 0.370759
0.628372 0.369779
0.629371 0.368799
0.63037 0.367818
0.631369 0.366838
0.632368 0.365857
0.633367 0.364876
0.634366 0.363894
0.635365 0.362913
0.636364 0.361931
0.637363 0.360949
0.638362 0.359967
0.639361 0.358985
0.64036 0.358003
0.641359 0.35702
0.642358 0.356038
0.643357 0.355055
0.644356 0.354072
0.645355 0.353089
0.646354 0.352106
0.647353 0.351122
0.648352 0.350139
0.649351 0.349155
0.65035 0.348171
0.651349 0.347187
0.652348 0.346203
0.653347 0.345218
0.654346 0.344234
0.655345 0.343249
0.656344 0.342265
0.657343 0.34128
0.658342 0.340295
0.659341 0.339309
0.66034 0.338324
0.661339 0.337339
0.662338 0.336353
0.663337 0.335367
0.664336 0.334381
0.665335 0.333395
0.666334 0.332409
0.667333 0.331423
0.668332 0.330437
0.669331 0.32945
0.67033 0.328463
0.671329 0.327477
0.672328 0.32649
0.673327 0.325503
0.674326 0.324516
0.675325 0.323529
0.676324 0.322541
0.677323 0.321554
0.678322 0.320566
0.679321 0.319578
0.68032 0.318591
0.681319 0.317603
0.682318 0.316615
0.683317 0.315627
0.684316 0.314638
0.685315 0.31365
0.686314 0.312662
0.687313 0.311673
0.688312 0.310684
0.689311 0.309696
0.69031 0.308707
0.691309 0.307718
0.692308 0.306729
0.693307 0.30574
0.694306 0.30475
0.695305 0.303761
0.696304 0.302772
0.697303 0.301782
0.698302 0.300793
0.699301 0.299803
0.7003 0.298813
0.701299 0.297823
0.702298 0.296833
0.703297 0.295843
0.704296 0.294853
0.705295 0.293863
0.706294 0.292872
0.707293 0.291882
0.708292 0.290891
0.709291 0.289901
0.71029 0.28891
0.711289 0.287919
0.712288 0.286929
0.713287 0.285938
0.714286 0.284947
0.715285 0.283956
0.716284 0.282964
0.717283 0.281973
0.718282 0.280982
0.719281 0.279991
0.72028 0.278999
0.721279 0.278008
0.722278 0.277016
0.723277 0.276024
0.724276 0.275033
0.725275 0.274041
0.726274 0.273049
0.727273 0.272057
0.728272 0.271065
0.729271 0.270073
0.73027 0.269081
0.731269 0.268088
0.732268 0.267096
0.733267 0.266104
0.734266 0.265111
0.735265 0.264119
0.736264 0.263126
0.737263 0.262134
0.738262 0.261141
0.739261 0.260148
0.74026 0.259155
0.741259 0.258162
0.742258 0.25717
0.743257 0.256177
0.744256 0.255184
0.745255 0.25419
0.746254 0.253197
0.747253 0.252204
0.748252 0.251211
0.749251 0.250217
0.75025 0.249224
0.751249 0.248231
0.752248 0.247237
0.753247 0.246244
0.754246 0.24525
0.755245 0.244256
0.756244 0.243262
0.757243 0.242269
0.758242 0.241275
0.759241 0.240281
0.76024 0.239287
0.761239 0.238293
0.762238 0.237299
0.763237 0.236305
0.764236 0.235311
0.765235 0.234317
0.766234 0.233323
0.767233 0.232328
0.768232 0.231334
0.769231 0.23034
0.77023 0.229345
0.771229 0.228351
0.772228 0.227356
0.773227 0.226362
0.774226 0.225367
0.775225 0.224373
0.776224 0.223378
0.777223 0.222383
0.778222 0.221389
0.779221 0.220394
0.78022 0.219399
0.781219 0.218404
0.782218 0.217409
0.783217 0.216414
0.784216 0.215419
0.785215 0.214424
0.786214 0.213429
0.787213 0.212434
0.788212 0.211439
0.789211 0.210444
0.79021 0.209449
0.791209 0.208453
0.792208 0.207458
0.793207 0.206463
0.794206 0.205467
0.795205 0.204472
0.796204 0.203477
0.797203 0.202481
0.798202 0.201486
0.799201 0.20049
0.8002 0.199494
0.801199 0.198499
0.802198 0.197503
0.803197 0.196508
0.804196 0.195512
0.805195 0.194516
0.806194 0.19352
0.807193 0.192525
0.808192 0.191529
0.809191 0.190533
0.81019 0.189537
0.811189 0.188541
0.812188 0.187545
0.813187 0.186549
0.814186 0.185553
0.815185 0.184557
0.816184 0.183561
0.817183 0.182565
0.818182 0.181569
0.819181 0.180573
0.82018 0.179577
0.821179 0.17858
0.822178 0.177584
0.823177 0.176588
0.824176 0.175592
0.825175 0.174595
0.826174 0.173599
0.827173 0.172603
0.828172 0.171606
0.829171 0.17061
0.83017 0.169613
0.831169 0.168617
0.832168 0.16762
0.833167 0.166624
0.834166 0.165627
0.835165 0.164631
0.836164 0.163634
0.837163 0.162638
0.838162 0.161641
0.839161 0.160644
0.84016 0.159648
0.841159 0.158651
0.842158 0.157654
0.843157 0.156658
0.844156 0.155661
0.845155 0.154664
0.846154 0.153667
0.847153 0.15267
0.848152 0.151674
0.849151 0.150677
0.85015 0.14968
0.851149 0.148683
0.852148 0.147686
0.853147 0.146689
0.854146 0.145692
0.855145 0.144695
0.856144 0.143698
0.857143 0.142701
0.858142 0.141704
0.859141 0.140707
0.86014 0.13971
0.861139 0.138713
0.862138 0.137716
0.863137 0.136719
0.864136 0.135721
0.865135 0.134724
0.866134 0.133727
0.867133 0.13273
0.868132 0.131733
0.869131 0.130735
0.87013 0.129738
0.871129 0.128741
0.872128 0.127744
0.873127 0.126746
0.874126 0.125749
0.875125 0.124752
0.876124 0.123754
0.877123 0.122757
0.878122 0.12176
0.879121 0.120762
0.88012 0.119765
0.881119 0.118767
0.882118 0.11777
0.883117 0.116773
0.884116 0.115775
0.885115 0.114778
0.886114 0.11378
0.887113 0.112783
0.888112 0.111785
0.889111 0.110788
0.89011 0.10979
0.891109 0.108792
0.892108 0.107795
0.893107 0.106797
0.894106 0.1058
0.895105 0.104802
0.896104 0.103804
0.897103 0.102807
0.898102 0.101809
0.899101 0.100812
0.9001 0.0998138
0.901099 0.0988161
0.902098 0.0978184
0.903097 0.0968207
0.904096 0.095823
0.905095 0.0948252
0.906094 0.0938275
0.907093 0.0928297
0.908092 0.0918319
0.909091 0.0908342
0.91009 0.0898364
0.911089 0.0888386
0.912088 0.0878408
0.913087 0.0868429
0.914086 0.0858451
0.915085 0.0848472
0.916084 0.0838494
0.917083 0.0828515
0.918082 0.0818536
0.919081 0.0808557
0.92008 0.0798578
0.921079 0.0788599
0.922078 0.077862
0.923077 0.0768641
0.924076 0.0758661
0.925075 0.0748682
0.926074 0.0738702
0.927073 0.0728722
0.928072 0.0718742
0.929071 0.0708762
0.93007 0.0698782
0.931069 0.0688802
0.932068 0.0678822
0.933067 0.0668842
0.934066 0.0658861
0.935065 0.0648881
0.936064 0.06389
0.937063 0.062892
0.938062 0.0618939
0.939061 0.0608958
0.94006 0.0598978
0.941059 0.0588997
0.942058 0.0579016
0.943057 0.0569035
0.944056 0.0559053
0.945055 0.0549072
0.946054 0.0539091
0.947053 0.0529109
0.948052 0.0519128
0.949051 0.0509146
0.95005 0.0499164
0.951049 0.0489183
0.952048 0.0479201
0.953047 0.0469219
0.954046 0.0459237
0.955045 0.0449255
0.956044 0.0439273
0.957043 0.042929
0.958042 0.0419308
0.959041 0.0409326
0.96004 0.0399344
0.961039 0.0389361
0.962038 0.0379379
0.963037 0.0369396
0.964036 0.0359414
0.965035 0.0349431
0.966034 0.0339448
0.967033 0.0329465
0.968032 0.0319482
0.969031 0.0309499
0.97003 0.0299516
0.971029 0.0289533
0.972028 0.027955
0.973027 0.0269567
0.974026 0.0259584
0.975025 0.02496
0.976024 0.0239617
0.977023 0.0229634
0.978022 0.021965
0.979021 0.0209667
0.98002 0.0199683
0.981019 0.0189699
0.982018 0.0179716
0.983017 0.0169732
0.984016 0.0159748
0.985015 0.0149764
0.986014 0.013978
0.987013 0.0129796
0.988012 0.0119812
0.989011 0.0109828
0.99001 0.00998439
0.991009 0.00898598
0.992008 0.00798755
0.993007 0.00698913
0.994006 0.00599069
0.995005 0.00499226
0.996004 0.00399381
0.997003 0.00299537
0.998002 0.00199692
0.999001 0.000998461
