0.00990099 0.0842969
0.019802 0.159715
0.029703 0.227091
0.039604 0.287183
0.049505 0.340678
0.0594059 0.388198
0.0693069 0.430306
0.0792079 0.467512
0.0891089 0.500278
0.0990099 0.529023
0.108911 0.554125
0.118812 0.575929
0.128713 0.594745
0.138614 0.610855
0.148515 0.624513
0.158416 0.635952
0.168317 0.645379
0.178218 0.652986
0.188119 0.658943
0.19802 0.663406
0.207921 0.666515
0.217822 0.668399
0.227723 0.669173
0.237624 0.668942
0.247525 0.667799
0.257426 0.665832
0.267327 0.663118
0.277228 0.659727
0.287129 0.655724
0.29703 0.651165
0.306931 0.646103
0.316832 0.640586
0.326733 0.634657
0.336634 0.628353
0.346535 0.621712
0.356436 0.614764
0.366337 0.607539
0.376238 0.600062
0.386139 0.592357
0.39604 0.584446
0.405941 0.576349
0.415842 0.568082
0.425743 0.559662
0.435644 0.551103
0.445545 0.542418
0.455446 0.53362
0.465347 0.524718
0.475248 0.515723
0.485149 0.506644
0.49505 0.497487
0.50495 0.488262
0.514851 0.478973
0.524752 0.469628
0.534653 0.460231
0.544554 0.450787
0.554455 0.441301
0.564356 0.431777
0.574257 0.422218
0.584158 0.412628
0.594059 0.403009
0.60396 0.393364
0.613861 0.383696
0.623762 0.374007
0.633663 0.364298
0.643564 0.354573
0.653465 0.344831
0.663366 0.335075
0.673267 0.325307
0.683168 0.315527
0.693069 0.305736
0.70297 0.295935
0.712871 0.286126
0.722772 0.276309
0.732673 0.266485
0.742574 0.256655
0.752475 0.246818
0.762376 0.236977
0.772277 0.22713
0.782178 0.217279
0.792079 0.207425
0.80198 0.197566
0.811881 0.187705
0.821782 0.17784
0.831683 0.167973
0.841584 0.158104
0.851485 0.148232
0.861386 0.138359
0.871287 0.128483
0.881188 0.118606
0.891089 0.108728
0.90099 0.0988481
0.910891 0.0889671
0.920792 0.079085
0.930693 0.069202
0.940594 0.0593181
0.950495 0.0494333
0.960396 0.0395479
0.970297 0.0296618
0.980198 0.019775
0.990099 0.00988776
